-1 | 1 | 1
 1 | 1 | 0
 0 | 0 | 0
[[-1, 1, 0],[1,1,0],[1,0,0]]

-1 |-1 |-1
 1 | 3 | 0
 0 | 0 | 0
 [[-1, 1, 0],[-1,3,0],[-1,0,0]]

 -1 |-1 | 2 | 0 | 0
 -1 |-1 | 2 | 0 | 0
  1 | 1 | 1 | 0 | 0
  0 | 0 | 0 | 0 | 0
  0 | 0 | 0 | 0 | 0
 [[-1,-1, 2, 0, 0],[-1, -1, 2, 0, 0],[1, 1, 1, 0, 0],[0, 0, 0, 0, 0],[0, 0, 0, 0, 0]]

//Basic patterns tests, both should return true

 -1 |-1 |-1 | 1 | 0
 -1 |-1 |-1 | 2 | 0
 -1 |-1 |-1 | 1 | 0
  1 | 2 | 1 | 1 | 0
  0 | 0 | 0 | 0 | 0
 [[-1, -1, -1, 1, 0],[-1, -1, -1, 2, 0],[-1, -1, -1, 1, 0],[1, 2, 1, 1, 0],[0, 0, 0, 0, 0]]

 -1 |-1 |-1 | 1 | 0
 -1 |-1 |-1 | 3 | 0
 -1 |-1 |-1 | 2 | 0
 -1 |-1 |-1 | 1 | 0
 -1 |-1 |-1 | 1 | 0
 [[-1, -1, -1, 1, 0],[-1, -1, -1, 3, 0],[-1, -1, -1, 2, 0],[-1, -1, -1, 1, 0],[-1, -1, -1, 1, 0]]